-4.0154753
0.025878256
-0.0020720486
0.47498554
0.27302825
-0.14290945
0.33306393
0.22100183
-0.25136065
0.2845767
0.39034688
0.3436762
0.41979325
0.19738711
0.12127794
0.26822212
-0.17793648
-0.24489932
0.12198374
0.3856917
0.4069165
0.19992442
0.3182102
-0.096636094
0.75143886
-0.2536309
0.03722866
0.08999064
0.471392
0.12691957
0.34517366
0.24983215
0.5495724
-0.2025997
0.5273701
-0.24003755
0.4348132
0.20401408
0.19683242
0.069843225
-0.2037658
0.30781746
-0.24610989
-0.16598831
0.5211218
0.16128118
-0.101562224
0.31147718
0.57424766
-0.18189119
-0.21087462
0.14114375
-0.45167074
-0.17014726
0.39036733
0.076356605
0.11246333
-0.056817636
-0.3569325
0.040819727
0.38769355
